5567 5752 4279 5281 3138 5428 1664 7411 3058 8073 1067 4373 7644 2237 7634 1120 4575 898 8263 9404 7591 9568 6736 9975 1563 4355 6341 2667 6107 1805 9988 4543 9585 5771 5272 4480 2093 1984 6848 8284 6188 8810 5346 8743 5598 3319 3033 6385 2472 779 5022
6024 7388 4789 8146 8326 1985 4331 7462 7620 9905 7276 5133 2139 2766 5624 4572 8516 1872 7898 4194 5440 5502
1433 8224 5807 7161 1061 1936 6045 7447 4187 6026 3915 4894 2586 7240 2344 4445 188 4010 620 4421 2703 8175 2145 3454 361 5069 1788 2254 256 3447 6149 7530 3696 9841 4225 7152 3958 8794 2839 9109 8592 9469 5488 6858 3910 5720 2603 5045 2235 3602 5025 5109 8380 2860 6549 4950 9784 5657 7202 2558 3703 38 3321 3352 2482 6983 9824 605 3977 7314 2681 8482 3149 5618 5107 7916 1760 6072 5805 7665 9100 481 5351 494 4656 5778 2222 4236 84 6452 288 4003 3553 941 6517 7752 8245 3236 3140 3666 2500 2074 6798 4227 7805 2089 4758 4404 8791 5632 1246 8805 1974 3478 1199 2283 7231 9565 4464 2654 3863 1737 5241 9665 5038 8100 4333 7302 2993 4759 8706 9369 1614 1885 917 7262 2694 7334 8046 8993 9439 2883 8926 6842 9836 3011 5176 3458 5790 2192 7473 6344 841 6462 1156 7557 1605 3182 1748 8600 1884 8819 4600 5877 1420 1843 5954 449 4358 6207 6547 8023 9030 4233 9098 2276 9361 3888 3840 3919 2850 9367 5544 9669 5915 4078 6292 9530 3552 444 6747 683 9244 3988 3142 7618 9952 3861 4928 5542 1975 8531 4386 8605 9055 9049 6638 2151 9045 5908 5670 2596 2521 5224 3477 8352 5599 4991 3095 8288 5073 8325 7183 8169 3119 5516 4059 5027 8570 9860 4831 59 5317 6088 1786 4356 870 8454 4025 4880 2877 5312 24 158 3266 278 863 821 6067 7873 8921 5352 7553 4461 6558 5251 3432 5910 4970 4096 7690 3711 8216 8636 7230 1033 170 3076 4507 5743 2333 1364 8775 4963 3386 9400 1627 5594 1687 2365 4715 5342 213 51 5252 658 6855 872 5460 2641 1026 4615 5723 6803 1042 1457 1973 6978 1403 3192 3460 3325 3989 8970 9407 37 897 1072 5879 8667 4466 3953 8485 662 7216 1680 2366 6722 2086 3913 1746 2487 3935 3675 6759 7604 1110 5729 4723 4877 7636 3532 7608 8348 6832 3939 5202 7698 9480 1151 5140 5360 2760 3103 6575 146 2568 5337 9541 3639 9348 9823 6544 7510 4886 1230 5581 390 4667 8101 5668 9672 3364 567 2104 5814 1389 6936 9304 3010 9580 6038 569 3354 212 6621 6404 9920 8996 4797 5081 7165 5887 8281 7035 5644 9473 9491 2982 3003 6173 5161 2780 5116 5823 1103 1536 8189 3461 9829 6643 929 1458 9047 2076 9734 5776 1901 3111 3336 1787 6658 726 2590 3007 861 9878 622 7245 7522 4208 9216 6196 9014 4689 3634 938 6290 9855 2073 71 8672 1625 5000 7066 6466 7574 1128 7617 8382 9291 9583 2887 7371 9709 8978 9393 7658 1584 9929 1185 8041 7848 1109 6328 339 8575 3779 4351 8147 6958 6061 9478 3503 6857 3183 1797 577 7559 9561 2461 716 1134 3077 9895 9842 427 1616 5804 3825 7556 2852 7008 4722 5944 5696 3721 2494 6291
3171 7099 4371 4734 1940 7184 1362 2255 9599 7363 9402 9573 8156 1492 1754 8689 2178 2176 4673 737 1716 7514 3 3390
4103 7079 9417 2107 9145 331
1904 9795 417 8804 3302 7722 5051 1597
360 7221 2986 5227 3217 5234 8910
1712 8807 860 6873 1880 7683 229 8403 3068 9696 5444 6652 3298 8924 933 1608 9513 4122 2599 5895 2984 4552 9944 7017 3199 3914 5556 3023 2459 7930 8547 1847 7799 9692 5163 3725 3407 3168 7155 1068 341 2520 4816 9909 5555 6783 7866 140 5139 6457 9607 6182 9633 1893 9346 3802 9745 5540 509 9239 2011 4290 4144 5830 5893 8031 1697
1428 6833 267 3889 1700 5669 5769 3857 9748 4710 5759 4587 1502 324 1508 6977 249 1750 5518 1594 1167 2635 1965 7036 7300 8340 5719 7831 5831 7751 7918 2353 1671 2022 8052 8165 1961 4876 241 9992 1921 2248 8639 7955 8053 1704 3573 7067 5620 6459 8082 5030 4556 3547 2768 8483 4503 6050 517 2463
330 2131 6154 8054 3539 5187
2040 3159 3252
4125 6316 3768 5612 8315
8276 8857 8625
1112 3069 6804 7327 526 5052 2026 5610 3423 8622 5780 8451 1098 3483 6479 8386 2379 4345 735 1398 2159 9269 1310 2264 273 3966 3486 8869 6589 5377 6268 7326 1992 4283 5880 7989 8274 7923 2943 2930 3035 5290 88 2476 4109 3806 3370 1793 3684
5184 8057 5654 6636 5279 327 1059 4049 8081 717 6596 7846 1387 825 4519 9318
9127 9666
2893 8444
1699 4034 1826 4741 3829 6829 7502 4824
8571 9973 9946 6198
675 2250 2095 2908 5983 2260 2922 7433 2039 9925
1556 1770 9258 8252
616 7039 2509 3692 9018 7445 7358
5325 8447 2983 3223 5015 5736 3912 9204 6445 6221 4744 6927 987 2406 7909 8445 3278 6574 2320 7018 6015 6770 1116 5876 6135 3371
5103 5365 7890 1254 8520 5155 9774
1488 2767
564 4405 5134 6371 4362 7265 6364 9670 1858 3235 943 143 7947 7454 7596 1779 9061 1451 9930 1337 6477 9833 6863 8678 4305
6252 6851 2669 5172 4613 2329 6172
5213 5496 1113 1860 1575 8001 3776 8032 201 4951 6165 1504 3038 4377 8096 5338 1425 9989 7705 9591 3436 7541
4762 4806 6592 9789 4023 5327 1833 5656 7743 9443 3435 790 5239 764 6166 2655
7788 9978 2493 5210 8893 2499 8026 5885 5222
999 4067 4030 4199 3421 5310 1294 6228 6668
2841 8927 1102 9094 1631 6399 9246 562 4826 8830 3584 56 4295 4265
4455 6083 2804 8752 1056 8492 1768 4123 2627 3574 1732 1917 36 2707 3562 2071 6257 604 8832 2428 4113 9260 3605 9511 6962 2529 5331 6293 6321 4068 9781 4339 496 6357 8888 4942 5110 5397 9029 7483 7014 8777 844 9157 3178 3851 6839 6405 4469
633 9837 3198 9322 5113 9563 2239 5454 7059 2827 7800 4435
881 1308 688 5477 2286 8463 8010 2343 7941 4810 9852 90 1574
5273 8930 4622 8020 7166 9958 7193 66 9728 5244 9704 9385 1875 424 4631 3934 6323 3865 9247 5494 9766
5345 6820 1682 1459 9278 8798 463
8918 9384 4912 5049 3050 323 6666 3051 3937 2824 6275 8654 428 8700 3134 713 1289 1688
5984 9436 2916 8296 124 3799 7267 9154 334 7702 7149 9320 3226 5330 104 2113 1613 7515 9390 1798 3210 1071 9647 2451 3724 4074 1076 2662 1977 7200 5641 3741 6111 2449 1329 1340 840 2557 2080 6081 9347 1050 5597 4740 1 4754 5314 940 2094 3399 6429 6823 8121 9004 3528 6790 1576 7384 1803 668 3786 2279 2323 4599 7188 8477 9357 9832 132 4721 9654 4417 1356 539 3368 5456 2999 7587 2120 9315 4180 2293 4570 1049 4640 3765 6463
134 7911 2302 8187 3262 6104 3098 3607 4430 8070 9807 3519 9191 2158 5564 6486 8876 2723 571 7957 6383
2125 6249 337 3115 8162 9093 8489 2580 3372 865 9072 919 9964 2718 7501 7538 4193 8009 1183 2543 4838
3510 5760 6957 9071 4175 6012 7586 9395 7275 1245
8504 9515 5940 5959 4666 5461 352 6029 1312 2246 8576 9446 8549 8015 9126 5739 8589 473 1852 7996 6786 8518 4604 7451 2666 4940 7257 9010 8573 8083 504 4195 6674 4632 5129 4242 4611 1159 2551 1297 9265 2523 4862 8676 7049 2833 6681 7141 8432 8986 2724 5359 400 432 6372 7954 3758 9410 7719 8730 6315 1567
7438 7771 5503 4052 8119
2835 9270 3974 4618 8377 460 3582 1542 8932 8383 7181 1683
121 9554
3337 4004 1756 2584 2691 5765 1578
2227 8596 6964 1749 5773
4870 5628 8392 9421 2010 3299 5358
2798 3201 8991 233 2079 4858 6432 9611 2196 9911 9650
1726 8839 1207 7838 2291 6627 9827 197
6428 7053 2207 5060
915 3413 3004 8090
2252 8131 3766 9592 2214 3156 4564 4568 5685 209 5499 575
808 7222 548 7136 0 9440 9648 1030 1842 1024 9363 136 3545 426 4854 6981 8190 6480
1871 8934 7713 366 445 1828 9177 6560 3805
1298 9301 5042 2138 2793
2234 6542 2932 5090 5811
3500 8842
7748 8835 2773 9923 2116 4819 7075 7495 5195 138 7242 1054 5296 9096 8874 2014 8413 7979 7663 4941 1399 9308 2628 7956 6117 9091 1193 4387 5469 9214 9711 953 2021 3259 2342 9558 8736 7297 9456 3676 2537
1647 8960 2491 2759 7667 4735 6920 5120 7511 217 4888 9594 4446 2970 6745 2559
329 5009 9386 224 6706 6994 8210 3812 8159 5680 6272 2921
2359 3504 4324 7115 7263 982 8826 586 8102 8379 431
1595 6555 1342 3580 8650 486 1553 7565 2886 1432 2282 9893 8951 1529 6838
6246 6295 1601 827 6617 4173 495 1482 8848 2836 1405 8555
2481 8634 4354 6608 9615 1334 6407 8773 2738
6141 8982 4192 8820 6802 2285 9865 8733
70 3028
5863 6005
3671 5462 4764 6651 5595 9674 4743 4839
704 5300 5705 7192 5913 5229 1794
1444 1663 5638 8414 9528 7597 120 2502 7730 4923 1018 6585 4343
2018 3884 810 2186
87 3382 7156 7229 4184 8770 8508 8172
1685 9602 2354 9752 935 5536 8160 9533 371 6597 2171 9872
2031 5809 2157 5642 2236 5398 5332 4975 5414
4231 6701 5483 2550 5465 6687 8687 9213 9225 1916 3985 1952 4702 6806 7362 543 1051 1742 205 3926 9455 2111 2794 2251 6009 2060 3009 6629 2486 9137 1181 385 5663 7738 9857 8378 9949 770
4680 6564 2100 3957 5339 6565
2 305 1272 8106 6266 7902 9937 5410 3232 9834 1284 9139 6020 4633 2335 3785 5945 8568 9156 8753 3339 7670 1359 6094 8610 738 452 5144 2290 3527 1525 5740 7064 9203
6161 7769 4255 9673 6640 18 1118 9078
5693 8418 663 4529 6309 9372 4796
2776 7885 3898 1380 7212 7047 7745 5362 6080
3631 8399 8578 9626 3283 113 4516 6133
490 4674 1247 2289 7753 3348
1166 6943 1513 6740
80 6496 326 178 711 4637 2701 5363 969
1023 1912 1021 7505 951 9680
639 983 3323 771 7114 7464 9636 4408 7512 9426 4147
2800 4162
3046 7601 8507 4497 1811 7573 7678 7058
3852 7176
2592 8599 3177 5308 5819 6775 6507 9303
2907 9105 76 3234 7547
2415 6916 6847 9496 690 8334 1963 6728 5121 5131 1198 5812 340 8359 7366 8587 9489 6214 1252 8134 10 96 2190 1771 4257 6103
2306 9898 3174 628 8824 499 6779 8735 9889
9589 9699 1047 91 9596
3875 9267
4921 6868 854 8844 7290
910 5768 275 8666 1660 9292 2563 6598 348 1307 9675 4189 9723 1058 2730 9104 5247 8611 8802 4636 6204 2821 1490 6726 2739 5563 5892
2027 6053
7750 7968 204 8567 820 5016 1206
2786 9754 550 6297 7671 5152
7137 9202 3202 7984 1823 9438 2119 5687 6232
1810 6698
970 8936 283 9671 2148 5841 9927 8068 4474
4898 6332 7442 2772 2965 8455 1203 9362 2389 234 68 464
6971 9398 1147 7969 3687
7802 9555 1091 6960 1607 5615 7090 9547 1259 1744 1661 4124 7097 7046 9183 1543 641 7849 2504 4465 8588
4046 4840 5276 8862 2661 5792
2867 3411 48 4777
570 9756 1886 9828 2912
1891 4822 500 5874 1658 5071 875 5401 8050 7369
3505 6142 3172 8182 7147 8203 9505 7881 4140 2610 4644 6719
1813 5168 1623 1108 9762 6568 2513 1795 7446 8332 598 6752 5064
2310 7960 1025 4671 7880 6824 189
3595 8287 5625 8218 475 9121 210 3801
4261 5896 4213 5551 4739 471
4524 6535 778 1370 9259
8135 8425 1094 5322 4506 5529 8310 130 3534
1122 5250 2656 4638 1695 9570 2735 5882 563 4105 643 9840
2469 7687 1162 1242 997
34 5437 1521
3522 4281 724 903 7006 7348 1931 3414 2673 6583 2597 2746
2195 9141
847 4264 1933 4538 9276
7724 9793 1292 3433 3751 3391
3685 7133 4803 416 4995 2826 9637
4502 7163 2468 7991 7817
4216 4325 1383 8422 9119 6799 8899 3563
1484 4326
2048 4139 4433 7723 3429 8256 3641 2405 4174 50
787 5566 5952 5998 28 3127 4746 3398 3816 7395 3375
4411 4914 4160 5587 4168 8969 685 1523 1551 4967 6279 9877 6070 9499 1899
4773 7747 3380 8231 1817 4348
2070 8449 6092 2946
666 8659 2769 6393 223 2713 6229 912 2462 7562
914 2345 1863 9977 1730
3782 3925 437 4091 829 199 4460
4496 4500 1013 1132 2392 7695 5724 6500 9683 2562 1580 6475 6951 3904 3730 3306
4811 5824 2754 6879 6299 9557 3108 8360 2729 9816 9387 8837 9735 1164 3993 8308 1386 8891 7888 7631
3533 8590 7431 7198
2012 3031 9856 3300 6068 3787 9501 7400 8940 904
33 5750 1344 5728 9968 2115
3410 9422 5126 8098 4688 1483
1913 7455 3968 4749 3072
1240 1468 996 6211 1268 1343 162 6174 5734 6298 365 9355 6060 1848 7830 5404 8945 4487 5834 5158 6912 296 193 7756 5965 7889 7426 8905 748 8505 7236
3797 5630 8178 5870
1606 7712 6554 7139 7543 3999 3191 8267
1800 4545 5726 991
1196 5333 7793 9519 2855 7566 4660 2976 2688
292 3880 6793
2102 6307 1257 1879 8062 8662 6296 1724 3530
8635 8845 588 3777 294 4205 5991 7174 9710 3160 5511 832
4271 7886 1498 9934 7932 4641 6716 3798 1991
1558 3736 2393 7951 1890 7224 2197
6042 8143 3427 6846 1734 6345
2715 3245 2273 4534 5557 8439
2923 6163 8864 4055 6439 4064 882 4486 5692 251
4477 8112 8617 9550 2857 4999
884 7030 2375 1224 7435 3979
6197 9370 1019 2403 2743 5902 3518 9359 9777 5575
3924 9885 6693 8116 5204 4927 9345
1655 2477 3886 6269 5712 1473 9657 8537
3726 7160
4657 6501
219 3378 2388 3672 258 7457 439
3669 5350 9125 9529 2433 1265 1486 6639 7571
6685 7094 3157 5813
3524 4703 8985 8490 672 4958 9879
3943 4318 7120 3994 6613
6239 9717 9192 7673 6302 4218 4628
1211 7546 8123 9046 1421 3896 2313 5860 8153 1659 659 5114 8838 1618 593 1777 1548 8349 749 7622 8354
1077 5102 2634 6105 7332 3293 2348 2741
7489 8545 2044 4341 8204 7134
2898 9381 2872 4953 1079 9574 7280 4423 4833 35
617 7746
1720 4161 3343 8269 8846 3078 6774 6884 3868 8166
2041 2755 4750 4791 8471 3204 3291
1179 3019 1930
6187 9153 1424 3844 3443 4342 5217 619
5459 6199 2059 9335 2897 8395 2363 8336 5068 6789 5939 8502 7828
2160 7550 2553 7294 4792 8877 6200
2949 7481
4237 7096 1983 2505 3815 725 2268 8384 8058
4522 5508 6369 7104 2174 8410 2950 215 7038 9564
3615 8739 1638 2191 7185 9590 4864 9965 5106 5596 3604 7864 2409 4626 6967 7264 7816 5580 5793 1449 6063 3065 5634 8655 5419 4668 7453
3320 7101 101 4444 263
4110 8452 6569 8157
5128 8701 7488
5258 5549 5844
6606 7393 1939
5271 9423
3667 5115 3749 9163 7808 359 4579
46 8401 9261 5584 7629
2317 9991 5232 6791 9981 5935 9248
6071 7234 2660 9430 5661
4037 9263 5640 9241 166 8722
1938 2761 9419 5099 718 6078 3268 8709
5758 7942 7016 9206 5970 9737
2162 3408
2238 5389 6001 8318 3929 4384 3379
1474 2024 1251 4215 2569 5816 4223
842 993
3400 5794 3412
377 893 3895 9908 40 5262 5585 1592
1092 3090 7274 2854 2084 5159 3645
3067 9822 9 7357 8821 3792 9226
2805 7836 5733 1591 7170 3374
1184 6062 5235 781 255 285 6017
477 7432 5101 8961 6792 2189 7414 9556 1632 4596 5463 4645 7855 8085 4186 6234 9847 8402 6539 8532 8494 890
4964 6512 313 7215
7107 8856 6370 9074 7122 4076 3858 4713
679 2399 3558 4153 7351 6151 3102 9470 4841 3625
1862 3947 4849 250 1932
530 7416 2763 7675 6506 3680
4932 9310 3037 6711 5098 2807
5402 6588 5221
6435 8813
3942 4141
680 8528 9377 7412 3767 5190 7624
7919 7993 1722
9090 9238 6205 1114 4867 3271 6850 1791 2539 128 8947 5590 5742 6437 6485
4639 6176 4247 5639 5522 1003 286 2638 2432
2474 9146 9645 8213 8363
775 7718 1302 7892
2142 3425 3853 7845 7282 5208 5583 1236 1835 1670 4185 931 1955 8668 328 2069 9008 3295 814 2682 252 6311 1908 8787 7219
2847 9364
1222 3455 498 3589 8184 8955 2172 1154 4097 3239 5145 7082 9360 8113 6890 5211
6203 7271 4732 4889 1228 2731 2261 2247 5455 6965 3525 3536 4431 5340 1706 228 7944 786 8638 4662 1406 2421 5802 6662 2736 5827 2490 8632 838
4398 9618 4790 6735 4302 2679 5528 6066 7679 1772 7929
7020 9974 9223 9394
1596 9294 6381
3892 5730 2470
4098 7784 8404 7507 6126 5643
7635 8705
49 6688 2495 8657 887 2460 9553
5104 8467 3507 9333 4116 6622 6170 6310 2640 43 9264 8645
4422 8110 8
1923 5609 1662 5697 706
126 7056
9358 9416 4653 9994 3881 8406 9820 7517 2975 4197
5698 9327 8630 3280 5299
3021 7463 6150 9219 4100
6929 8556 2695
981 1541 6593 5898 1841 4278 7523 589 7172
1319 5966 4415 7626 2272 665 2155 729 8411
1496 9305 3769 8724 5523 7856
4393 5436 370 98
3593 6578 2747 8806
4155 7779 2400
5003 9337 939 8257 4284 2267 6526 4608 3087
6481 9076 2081 6095 5755
6241 7108 551 7209 6054 6350 9391
4787 9941 1868 4795 8299 2193 5319 6110 6730
587 6461
8470 9869
4861 8291 3576 7084 5905 1723 4101
3233 9510 4612 6396 7009
4804 5047 3635 9130
4794 8237 2979 5050
874 8746 208 6494 3366 1408 6683 4321 7482 3866 5010 3464 2380 6097 4699
2170 8185 3594 9624 1579 8487
15 3508 2141
8173 8464 2974 3706 6579
190 772 1260
5160 8307 5141
2066 8370 3899 9936 8833 5452 3419 765
3860 6130 1527 3946 8756 4151
4711 7434 7632 2143 5917 2087 8890
3096 6377 7437 8614 3559 3474
3689 4676 1434
895 2752 5274 1816 1376 4268 3515
1651 2506 1738 9721 5869
17 1702 2204 9003 6755 7128 7536 6836 2848
4485 6690 7121 864 2732 8264 2933
1560 4310 5287 6320 4504 4406 3728
176 419 636 1981
6765 9453 5645 7581 7615 1549
2355 6392 3310 8351 5709
1705 2045 2611 6720 8574 4300 3638
300 835 7440 45 9796 8244 4190
281 4757 1920 483 2560
2751 8728 4786 6286 5468 27
4385 8980 7217 8628
4292 4551 889 8922 1714 8714
5675 7436 6699 4610 7589
5295 7151 4427 7732 5756 6294 7131 8066
745 8954 6235 7949 4514 7759 727
1300 3056 1426
2118 8118 5012 6852 4108 5897 9712 5786
3441 4802
7304 8633 869 1485 7659 4878 8301
289 8795 7990 3681 2889 1243 4939
8229 9620 3273 6904
1954 6411
247 6849
1951 4450 2311 5336 1463
2005 2212 1850 6039 9797
2870 3902 1016 372 3819 2645
5189 8458 4784
4542 8647 2083 7479 5617 8115 8385 5662 4896 4983 3543
5791 8792 7288 6007 8551 7720
1780 7197 480 1176 6748 6283 2168 5934 7643 6347 3778 4812
3328 8429 9595 7378
1299 6601 3258 5763 3313 3677
293 1747 8800 7558
418 436 2944 4439 8021 4558 6132 410
2928 6280 6885 383 47
1355 5220 9625 3629 5298
8130 8981
7065 7425
2099 8347 29 4239 3623 3165 1865
1036 2471 7191 8035 7293
1538 9771 7469 7521
1219 1360 4009 3571 8624 9778
644 7279 465
3940 9077 5407
8738 9739 169 8420 382 7210 5378 6741 4038 6185 6096 2165 3383 1137 7734 8604
918 6737 2485 441 7253 8731 8973 5891
1637 7656 3151 4654 1163 972
7714 8894 4272
1187 8093 1882 5960 3842 1105 3719
7173 9250 4389 3231 2765 2815 8262 3137 7123
150 2849
8524 8884 1690 4099 8061 7223
623 817 7651 7490 6781 7373 4015 7415 1736 559 3194 8036 9800 5969 5527 4511
6288 9961 1721 6953 2149 5710 7611 9761
5479 9334 20 6581 1753 8228 3270
2817 5607 2114 4388 478 4544 5156 4357 4238
9207 9328 397 8030 5873
585 9314 8148 5309
1622 7095 325 8475 2092 1430
2683 8882 6875
297 9971 5318 8314
2604 4573 3344 4011 9471
1155 8275 6412 8371 6986
1895 7496 1957
611 8525 5023 2924 3992 491
335 8361 6215 2130 435 7570 2753 8953
6484 9512
6700 7824 7228 2884 1764 4962 5703
7716 9195
4541 7054 1544 2532 9918
115 5971 434 6637 9668 8126 8767 4643
3164 5906 5201
351 9631 1269 9396 2056 8623
2230 7499 6386 728 5894 1136 7795 7595
6113 7367 7906 8339 369 6653 8620
2706 7199 5371 7592 6451 156 1572 3740 6703 5646 9116 5589
4648 7567 2253
314 6975 4986 9770 1066
6368 6546
1505 5903
6988 8883 248 9212 7246 1493 3467
2750 5111 5293 2200 7269
3206 3701 2816
3193 6620 2828 4960 687
4442 8751 3537 8923
1104 6727 873 7370 7871 9111 9374 9323
4635 4716
73 5987 2716 5854 9457 9134 9835 9221
1129 2061 2144 5448 3716 4549 2704
3105 9890 2995 4020 9181 9986
634 3516 175 2439 2351 9600 2456
6055 8836 8685 8762 2593 3670 9960 5200
2801 5988 3811 4614 1610 3864
9194 9418 7019 4881 5937 2408
2696 9089 1446
521 5975 3800 9702 8680 312 6860
1497 3517
1218 1887 2062
1968 5088 7171 8074 5324 2785
3828 9859
155 8025 2649 7050 1350 4142
8220 9747 5385 9340 3214 4589 3463 845 4701
8405 9271 4899 6708
1509 4695 3376 9521 1839 1250 6702 9110 9534 5466
789 8018 4093 4650
14 6938 4866 8496 6491 5741
2105 3265 2085 8956
6682 8129 7471 1589 8253 1562
6138 6982 1707 6966
6420 7341 9028 9765 5035
356 3790 763 5380 8225 5601 8373 2454
2874 7243 5554
1874 5853 221 6441 5993
5546 6181 8595
1150 9326 2312 9151 8186
2971 8357 9338
1620 8430 7256 8258 8060 182 2201 8462 2957
8443 9229 6278 8997 6025
709 3554 2507 2209 6887 262
4196 5408 2452
5207 5681 6140 7272 719 937
6707 9316 6692 160 1212 3015 1291
2265 5054 4954 8239 513 2990
384 7527 8618 8236 1397
1571 8514 3254 7532 1361 1944 2467 6217 2981 8608
1385 3665 4273 5085 6145 290
6961 8859 624 4380
1001 5890 606
2475 5924 1735 3877 7360
8230 9484 2316 8929 3438 5484
739 2749 9073 1062
7237 9679 2378
259 311 2770 5592
805 7654 8809
1204 9349 1324
1471 7249 6301 9068 7697 7901
741 3468 60 776 6248 9500
5230 9037 4655
2337 3428 4048 1943 6056 1107 5593 3332 4058 2370
5888 6556 4665 7852
244 568 1393 2879 183
1401 7311 574
1766 5948 994
2003 5137 266 3349 9140 8817 5707 4249 154 8911 7296
1987 6590 661 4425 2953 8808 3381 3949
651 5214 2215
6109 7383 6139 6826 6623 8967 7032
1640 5849
2292 5482 6398 2296 8780
7328 9234 3551 7937
4513 8712 2708 4158
5223 8350
2574 3101 3092
3900 9653
1069 9537 9785 8860
921 7158
4488 7729 2606 5179 3417
2888 5260 2525 3523 6008 7 4119
2404 5039 8393 5676
3044 4847 6325 6402
4075 8741 2864 4837 4930
3619 4260
114 5506 63 3757 695
1686 3833 4747
5655 7417 3653 7893 6761
39 3238 3335
1345 7044 4765 7333
6470 9821 836
147 2663 2632
6932 7637 7346 2899 6667
4547 9853 3264
177 9079 3717 8579 1892
1593 3739 9743
6553 8664 9378 8949 5162 502 5631
1238 5497
131 7391 3112
1621 8416 5209 5382 2806 7337
4391 7475 9019 1619 5278
3389 7207 5416 3196 5292
4521 6659 4149 5355 1630 1363
802 2994 9013
7623 8591 9736 2626 8916
2445 5550 510 3783
9052 9205 2991
905 1900 6689 4800
1443 6679 349 5403
3290 5992 7255
2845 4329
5076 9001 1604
1853 9179 512 8202
2973 6177 8095 9023 4692 5474 6120 7340 9058 355
7964 8466 1152
142 7754
2336 2479 3984
6450 8107 8828 8255
3420 4250 7668
8944 8988 8242 520
2177 7266 1945 2865 6059
2985 3275
5715 7365 1097 4799 9629
7005 9039 6306
8039 9942
751 6010 6391 6538
799 3691 3674
2013 5343 5832 4581 9601 967
8117 8670
7285 9921 393 8506 8481 5313 6074 4957 7057 6384 2431 5569 4198 6710 9095
3596 6946 4546 7807
7513 7630 3813 2818 7303 7812 3025
768 9868 5702
806 9342 1271 2082 9559
5856 6576 5840 9087
1418 7590 1478 8199
4016 5266 1668 3203 2147 171 3393
2936 8727 1009
1673 5907 648 7023
655 7092 2997
1060 7491 5007 5074
4620 6440 4126 3610 9705 3983 5679 53
2530 8803
2153 4157
6656 8843 2231
3655 9851 5552
766 2964 819 1537
1237 4535 3466 6276 7162
5916 7757
298 7935 3135
2216 7717 528 6115 6566
2480 6191 7580
99 2514 2373
4471 5283 2956 8337
2937 9584 2783 7870 866 6158 9166 5348
871 2441 3471 7292 3032
1046 2967
1976 6284 631 2175
3903 5886 1470 2438 5231
4136 5828
3945 7051 7638 6746
656 2674 7913 350
1180 5303 3678 4360 677 116 5041
23 8480 4834
733 9579 5652 9956
2911 9931
852 5716
5057 7325 6331
4424 6365 6991
557 6212 4947 4436 3084 9757 4590
2397 4583 3982 6152 2390
3493 3991 3630 6210 519 6599 9731
2742 9950
637 7080 6076 4851
1277 7706 4006
2698 2710
3808 8469
3956 4395
3773 7428
1532 3731
809 1831 279 7248 2665
5418 7465 580
5175 8461
3908 8942 6552
1678 8292
1171 5980
2036 5492 4132 8029 5165
6906 9706 3272 218
3578 6155 8028 7534
2065 5375
4308 4459
389 6223 8563 3660 4937 9694
5059 9588 6202 1588 4133 6064 6807 6
5782 6950
2528 8007 7764 1431
3695 5117 2167
1653 8719 1220
187 6065 125 5732 13 4245 867 3387 6033 3626
2700 2987 3652 6968 1157 8690 3459 1273 3581
4760 9655 6314 1267 1354 2834
2008 4988 8661
6000 8933 9420
2851 9814
1123 2501
2512 4763 111 1321
1677 3144 9297
3124 3570 5084
1693 8457 1924 6032 1365 1950
2304 7564
1941 9912 3189 7110
6218 6378 4533 4539 5722
2442 8329 1598 5473 4617
2575 3489 5761 9129 2034
295 618 7324 3312 5695 5836
7686 8583 1489
6633 7680 6594 6972
6696 7965 8895 1347
3556 9080 7102 9115
1727 7313
2623 4832 2106 9509 7819
8260 9218 4479 3494 8051
7167 9549
7770 9475 3809
7560 8433 4378 9007
7150 9474 1323 5927 2748
1845 3588 3263 8243 7088
5430 9131 3690 8358 5878 6532 9686 6458 3609
1889 4718 9169 3439
6510 6767
744 4859 5875
956 6472
4143 8448
3218 6148
4848 6924 1388
7621 9435 9866 9970 2677
5774 7089 8232
8896 9488 9237
3207 3636 8971
4128 4625 859 1807 4727 3418 2184 6271
3314 6219 4403
545 6567
2871 3434
698 5735 3885 148
6423 9187 3647 5757 6136 752
1225 6339 602
1174 7542
180 453 9368
6366 9447 6671 438 4029 5311 6870
2620 9813
6123 9460
2357 8127
3796 4528 6721 3973
1460 7387
4585 7024
6648 8621 192 1915 2566 9099 1223 8193
2799 8071 4717 141 4412 9285
3566 6523
714 5072 8737
2364 6086
2287 4526
7405 7822
3260 6614 608 4372 8569
4367 6827 1740 7537 7688 3535
429 6326
544 4828 7398
469 8855 4704 942
1587 5026 1898 5387 858
1086 7669
5478 9750
1429 6937 7452 7661 3267 9502
236 3920 6548
2564 6724 2904 3287
2671 8075
2173 8801
6695 8067 6168
6474 9825
3710 6087
6023 9902 5426
202 753 2443
6834 7619
855 1146 5285 2526
3742 6388 8640 9880 6460
168 9749 9113 4922
433 3200 3723
6900 8565 2226 9150 2205 3514
4884 7201 4778
1959 4040
1583 4463
1015 7281
7707 9317
2221 4053 5326 8323
791 4210
2651 4401
4753 8693 6112
5062 5513
5721 8488 3057 7344 2891 7876
777 7708
5847 8829 2538
3176 5282 94
1511 5838 4332 7062 6987
4451 4554
7083 8523 5510
5547 9452 8247
3597 4241 4266 9352 8192
6487 6519
985 4694
3395 4413
705 4532
52 4381
6771 7338 9085
5370 8233 1561 3240 9231
2536 3756
5135 9763
7389 7508 954
284 1869
8499 9722
3601 6843 9744
7914 9190 8246
3292 7377 9321
4720 8692
1053 3497 8259
6642 8593 1008 6573 8459
6178 6917 185
7494 8580
6835 7833
4978 5294 2968
6796 9302 2077
5808 9198 9701
1216 2188
640 4243
7633 7826 4089 1035 4892 8212
2398 9755
3116 3326
3212 8790 892 7063 1244 3878
1020 3780 3315 4553 1412
1643 8266 3184 4434
4971 8784
7477 9086 8294 2966 1650
163 4909
1666 7859 1657
959 3917 2377 3405
5963 6670
7186 8748
1232 3150
1477 1520 6387 6043
7273 9161 4755 3093 8512
4982 9319
3964 9006 6334
4294 8453
4768 5539
911 2169
3453 8423 2341
4312 8827
3897 8319 2033 3249 3794 920
971 3472
1905 4050 5441 9070 7639
581 8427 1139 1082 1070
6504 8272
533 3488 4240
6615 7443
7441 9242
2588 3396
1309 6984 1703 8450
3029 4270 2447 9640
8786 9926 2885
6256 6355 4032
8168 8766
3247 9875
5094 9188 2101 7148
1125 9108
2383 5582
693 5142
6394 7298
6897 9760 8513 9707
566 4296
3714 3944
4001 5206 5799 7900
736 1445 8708 3849 1331
3555 5361 924 9863 7461 4724
7376 8027
6604 7760
732 2332
1153 5745 2058
853 4850 8311 3470
5548 8538 9811
621 6944 123
79 3628 2387 5767
5562 5682
6713 9227
6810 7187
2652 7087
1115 7936 89 5558 7588
211 2955
4979 5845
529 3651
92 1435
6390 6469 9468 1815
2025 4319
2381 9350 9569 2498 3771
6750 8330 6447
280 9726 5259 5196 8797
6179 6878
4944 8479
3220 6240 3738
2511 9715
3499 3561 508
816 3158 547 2714 6410
1516 5986
4352 7920 8412 646
4340 9522
3139 4291
2782 8154 9819
139 6921
407 5810
720 1840
2488 7582 7975
7579 7594 4146
3219 9844
5770 9273 5570
9175 9782 3052
3546 4883
2938 4209 7773
2549 8076
4785 6676
5931 6844
3770 5651
2182 4468 4919 5386 6543
5777 9531
4955 7100
6956 7001 6189
5480 5995
4171 4493 5028 5772 2961
3987 5328
3608 3709 5249 4073
5323 8235
4842 4929 8355 3722
2621 9054 6998
7943 8181 5533 2321
7041 7555
3241 4557 161
6262 9240
3682 3862 396 8290
5901 7554 9768 3452
3209 5762 3188
3485 4246 9281
2361 5264 6880
818 1851
501 2049 795
1330 5664 6976
2702 6562
1919 8408 5621
5925 7794 8511
2330 6114
1946 4956
4845 6788
6415 7025 7329
2369 6082
4448 9178 803
686 3564 4649 6075 3707
5737 9287
1590 6865 8522
1332 3079 1452
558 3392 2687 1336
4039 4152
7169 9152 807
3686 4801
5095 9257
5198 6352
3289 5356 701
3702 7349
1857 9479
1530 8976
3932 6322
1718 6784
8990 9661 462
1423 7132
1367 4756 2690
2284 4320
3781 9409
3110 8818 8717
4017 4540 8014
6051 9182 5929
1763 7952
493 4981
2347 6525 7576
1717 6358 474
1752 8543
5974 6305
788 2972
3978 5956
4751 8215 194
793 3450 5920
5275 8750
2672 9252
590 3080
454 6225 9102
2465 9581 6641
3930 8317
2009 3807
2376 5442 3487
6570 9107 6744
3734 4483 6864
4969 8372 5961
4349 5486 3637
1733 2437 5149 6046
5545 9713
524 5451 6809
1906 3388
1821 4081
5369 5420
5268 9165 9904
3763 7966
2352 9075
1144 3841
3128 5374
243 3416
2722 6631
4021 7832
3509 9081
780 6397
413 2789 3700
231 6424
1611 5857 6013
3190 8643
239 975
3962 5321
908 1255
629 8084
9167 9659
9034 9803 3648
1022 7503 5714
5842 8755
579 4397 9466
3839 6100 3317
6353 8091
2346 3205
4104 5967
5422 6427
7798 8834 4805
67 5779
2232 3186 8796
5864 8144
3170 6084
1390 9915
3506 7322
4183 6449 3406
7767 9939
1641 3591
4926 9660 206
4336 7029
4165 7561
964 6037
5265 7061
257 5784
8850 9769 7153
1692 3732
1911 2436
1427 2508 823
3048 7614
6979 9606
6530 8975
5450 8356 8771
1200 3971
6935 7306 2685
4875 8114 5690
2962 4771 5008
402 5764
5055 7011
5180 7945 4035 7739
4475 7725
4807 9524
5560 9882
3308 7460
949 6780
1124 8740 6254
4418 9903
8214 9613
7060 8658 3894
380 4646 458
3688 7787
3082 9976
535 8642
4293 5775 848
1953 2866
5381 6769
1264 6925
4129 4191 4248
1775 4121
3089 4920
1573 6888
927 6898
1438 8999
2693 8437
2832 2890
343 9708
2430 9676
1956 5568
2740 3664 2570
3744 9725
4976 6333 901
4582 9560
5066 9646
376 5376
1286 6886
3662 4742
1101 6022
4835 4905 2046
1411 5150
5005 7544
4726 8613 9024
1346 8699
6785 8226
1849 6236
1910 6660
1796 7578
2929 8170
6973 7323
8637 9403
4481 8366
2072 7034
3099 5423
762 9336
923 1454 3404
9033 9106
8815 9943
1095 4166
3960 6616 9149
1769 5665
2132 4562
4515 7790
1969 3228
7977 8136
9224 9682
758 3041
8407 9810
4169 8013
783 1316
4263 5904
3305 4780 5445
6002 8935
5713 9353
715 5977
6453 8684 1017
3901 7835
3972 4708 1229
7572 9741
1352 6360
5850 8729
3822 5237
1039 9780
3788 5248
3830 9917
78 682 980
7427 8491
6159 7003
2823 5146 8223
5130 8150
7182 8161
440 5169
3933 7736
6492 9742 4277
2829 4629
2614 4690
2202 6587
7208 7693
64 1554
9983 9984
1063 4449
2328 5611
4102 7563
5151 6896
2573 5829
7931 8669
1993 6277
6226 8055
1168 4729
3445 9000
740 7382
2294 9465
678 9913 3848
4335 5395
1526 6465
2963 8768
5225 8094
8673 8892
2996 8503
344 9678
8781 9215
9356 9567
3148 4681
3657 5981
6327 8498 2843
4083 7741
406 4221
5493 9200
3650 5899
515 1844
1709 5048
6147 6528
6436 7533 796
1371 5671
3592 7948
375 6749
2425 8878
7028 9486
1037 5999
482 7359
6101 7985
2020 6856
3422 5795
3481 6725
4938 7962
2931 7195
7403 9794
2712 9729
6502 8881 7548
4042 5261
511 5286 1667
4491 6319
1161 4627
3027 3845
4304 7098
367 3560
5626 9720 1055
1453 3081 8012
7946 8435 8870
4313 9617
1761 5304
1570 7924
1751 2980
7013 7317
1765 2110
2978 8222
7915 9945
274 1990
6808 8577
4642 6222
388 546
4429 4517
6265 8757
2775 7251
2658 3818
4490 8515
3938 5006
759 8529
691 8065
1907 7804
2542 2959
3369 9948
5942 8535
3990 9118
592 4353
7042 7270
2413 2458
3430 7356
1801 8616
9504 9730
7138 9289
930 2054
3175 7869
6515 9538
2164 8322
1173 5301
6208 8306
2203 2382
1555 7031
5650 6940
3859 4997
1790 9088
4134 8345
1296 5694
8713 9689
3598 7347
2256 7509
137 6663
6438 6905
2977 6329
578 7818
4228 4307
5164 9482
3729 5949
2954 4882
516 8484
638 6380
2960 5922
2187 4026
4714 5205
6955 9641
