15 40
76 86
55 88
143 173
76 175
39 176
195 207
170 221
39 231
19 265
73 269
62 275
55 280
155 281
15 298
296 316
115 324
143 335
58 344
251 348
15 355
296 374
143 382
155 394
254 397
308 404
254 410
299 413
177 414
169 467
39 480
322 487
330 488
77 494
58 496
41 509
296 510
296 529
186 534
92 539
186 543
332 560
143 583
76 590
41 596
251 598
76 612
299 619
58 622
626 648
115 671
183 701
21 702
41 721
92 723
59 724
143 725
155 726
308 733
143 736
115 737
15 740
251 755
537 756
185 768
773 785
452 787
155 814
296 816
332 822
92 827
406 831
39 836
332 851
330 852
296 866
653 874
296 888
563 898
39 916
39 941
81 960
19 967
192 969
155 971
299 978
821 991
