159 375 685 746 817
39 176 231 480 836 916 941
9 10 16 24 30 36 37 47 49 53 70 78 89 95 102 111 122 130 131 141 147 148 153 161 163 165 174 183 188 193 211 234 248 249 253 258 261 263 272 276 289 301 306 312 321 337 342 353 356 358 359 369 370 372 386 396 398 401 403 406 417 422 436 438 448 456 463 472 475 477 484 490 491 500 514 516 519 535 538 546 564 572 573 582 586 593 597 602 614 634 653 667 679 686 688 701 711 714 718 719 720 722 741 751 776 777 789 805 825 831 848 855 859 860 874 877 879 893 895 899 901 903 909 914 921 922 923 925 926 927 945 946 955 961 976 981 990
21 25 140 158 309 615 663 702
18 22 72 74 152 196 226 240 307 319 328 455 515 558 562 651 696 754 766 793 835 837 889 995
251 348 598 755
151 303 333 357 423 426 453 551 555 641 780 826 900 932 940
77 125 237 256 268 405 409 442 465 494 567 570 676 809 818 882 912 928
133 209 313 390 574 666 699
143 173 335 382 583 725 736
160 259 322 447 481 487 672 680 697 732 815 872 958
218 290 295 588 603 970
8 63 112 227 286 412 518 561 620 715 717 920 985
5 106 274 283 285 317 367 379 450 476 595 659 773 785
296 316 374 510 529 816 866 888
12 67 94 203 206 224 366 504 547 646 739
33 44 156 326 336 360 427 655 803 810 870 873 930 934 986
108 120 350 445 449 507 730 840 974
52 288 627
250 636 798
55 88 280
387 868 869 915
15 40 46 100 115 277 298 324 355 525 671 737 740
315 557 565 609 698 828 924
51 345 380 552 670 931
60 191 343 637 907
58 270 339 344 496 622
92 539 723 827
54 132 391 541 571
155 281 394 726 814 971
180 411 728 779 979
19 69 119 265 576 735 967
330 488 852
101 121 171 257 400 499 639 650 660 683 704 794 812 833 956
205 694 762 824
420 429 451 502 742 806
76 86 175 590 612
635 669
230 325 464 600 640 772
167 293 506 865
64 184 214 876
202 210 364 678 862
182 291 548 662 767
172 362 454 658
416 988
135 613 675 745 800 975
157 695 769 943
129 208 282 334 532 559
693 734
264 299 413 619 629 978
656 708 841
186 534 543
29 341 349 443
294 430 677 759 892
332 560 822 851
418 626 648
185 768
569 682 936
913 954
220 300 847 963
41 354 509 596 721
34 105 469 933
361 863
170 221
190 428 692
139 233 687 782
425 864 880
17 550 604
618 948
107 164 243
87 302 338 625
187 540 623 705
82 127 536 652
304 982
232 753 911 964
308 404 733
73 269
247 260
65 116
254 397 410
48 278 966
146 607
177 414
59 724
68 134
91 123
549 937
199 408
200 605
236 378
537 756
201 797
452 787
351 689 703
195 207
192 969
821 991
444 770
81 960
150 255
563 898
169 467
458 691
198 501 764
35 820
861 939
62 275
393 761
213 951
32 520
