209 390 666 133 699 574 313
683 956 409 442 77 494 171 794 101 567 499 660 256 570 912 257 928 882 639 833
895 946 342 95 925 448 477 711 514 369 586 597 855
685 746 375 817 159
507 730 108 445 840 449 974 350
176 231 39 480 836 916 941
430 892 677 759 294
312 491 386 714 921 396 289
455 558 196 651 837 22 515 152 74 226 995 766 835 72
21 702
583 725 143 173 335 382 736
19 265 735 69 967 576 119
548 767 182 291 662
254 397 410
565 698 828 557 609 315 924
86 175 76 590 612
484 859 438 261 538 10 519 234
16 614 78 272 130 490 923
251 755 348 598
308 404 733
5 595 285 379 450 106 367 659 476 317
8 112 412 717 286 985 620 561
722 776 9 602 165 961 163 131 572 147 122 353 582
641 940 333 900
708 841 656
107 243
676 818 237 465
34 933 469
345 380 51 552 931 670
529 866 316 888 296 510 374 816
155 814 281 726 394 971
299 413 619 978
870 930 986 336 873 803 427
569 682 936
588 970 218 603 295
302 338 87 625
429 806 420 451 502 742
177 414
59 724
227 518 920 63 715
593 981
68 134
276 825 899 401 720 153
208 532 559 334 282
203 206 12 504 547 646 739 94 224 366
202 210 364 862 678
540 623 187 705
549 937
214 876 64 184
195 207
174 422 141 263 718 667 475 805 516
33 810 44 360 934 655 156
307 793
303 423 357 551 932 453
248 990 253 417 789 945
250 798 636
914 927 47 30 860 183 701
55 280 88
192 969
821 991
600 772
869 915 387 868
46 115 324 737 671
160 872 481
332 822 560 851
362 454 658 172
613 975 675 745 800
17 550 604
300 847 963 220
92 827 539 723
258 877
534 543 186
54 571 541
411 728 779 979 180
444 770
15 355 298 740 40
321 403 500 893
330 488 852
626 648
81 960
205 694 824 762
41 721 509 596
635 669
191 637 343 907
167 865 293 506
496 622 344 58
304 982
406 831
322 487
372 573 436 564
157 769 695
233 782
754 889
232 911 964
274 773 785
537 756
563 898
259 672
111 903
29 443 349
452 787
132 391
169 467
458 691
653 874
49 193
861 939
185 768
62 275
170 221
650 812
73 269
188 777
32 520
247 260
36 741
241 472
