63 114
80 178
80 326
98 370
335 435
199 437
2 452
499 628
175 634
90 688
96 690
63 695
80 711
327 717
526 735
190 772
279 809
547 816
199 829
90 881
666 912
719 937
80 969
606 1001
372 1016
138 1054
898 1067
130 1094
88 1112
89 1115
18 1118
972 1163
1105 1187
160 1212
192 1223
726 1230
892 1244
190 1260
1157 1273
775 1302
90 1308
783 1316
729 1319
778 1370
290 1385
1020 1412
1300 1426
897 1536
90 1574
858 1587
6 1588
417 1597
325 1622
972 1637
898 1664
171 1668
1365 1693
1259 1744
293 1747
20 1753
1578 1756
1732 1768
96 1771
898 1805
1699 1826
279 1831
515 1844
1257 1879
1105 1882
570 1886
1218 1887
1558 1890
177 1892
858 1898
417 1904
192 1915
604 1917
1365 1924
1179 1930
1365 1950
1463 1951
726 1973
494 1974
725 1983
274 1990
1850 2005
526 2026
675 2039
1153 2058
1129 2061
1218 2062
1670 2069
104 2080
325 2092
675 2095
478 2114
1823 2119
335 2130
1298 2138
15 2141
2087 2143
1129 2144
171 2147
2031 2157
911 2169
215 2174
96 2190
1868 2193
1558 2197
1850 2212
2205 2226
2031 2236
675 2250
675 2260
1398 2264
725 2268
90 2286
499 2306
1463 2311
90 2343
175 2351
2059 2363
1398 2379
1558 2393
679 2399
10 2415
1733 2437
1470 2438
175 2439
1598 2442
753 2443
175 2456
2413 2458
666 2462
1036 2471
2336 2479
2493 2499
1123 2501
725 2505
2160 2553
192 2566
1578 2584
147 2632
1077 2634
372 2645
2449 2662
279 2665
1670 2682
1578 2691
1157 2700
80 2701
1129 2704
547 2714
2273 2715
73 2716
1334 2738
2570 2740
1077 2741
335 2753
666 2769
311 2770
413 2789
1298 2793
478 2817
416 2826
372 2870
2059 2897
675 2908
570 2912
675 2922
1398 2943
215 2950
211 2955
1751 2980
360 2986
1157 2987
1179 3019
2447 3029
2807 3037
323 3050
1300 3056
2891 3057
1720 3078
590 3080
679 3102
323 3134
494 3142
1232 3150
972 3151
2214 3156
547 3158
499 3174
2592 3177
1606 3191
1608 3199
433 3200
1823 3202
171 3203
892 3212
360 3217
104 3226
2273 3245
608 3260
20 3270
218 3272
3223 3278
701 3289
417 3302
2355 3310
1020 3315
1578 3337
1720 3343
1906 3388
171 3393
3004 3413
1734 3427
2316 3438
1889 3439
1157 3459
726 3460
494 3478
1398 3483
2376 3487
15 3508
2205 3514
175 3516
1497 3517
1257 3530
130 3534
1740 3535
679 3558
367 3560
686 3564
1723 3576
1157 3581
2747 3593
679 3625
1157 3652
290 3665
953 3676
396 3682
416 3685
726 3696
413 3700
2816 3701
494 3703
686 3707
3608 3709
1129 3716
177 3717
1105 3719
433 3723
1560 3728
1558 3736
156 3740
2536 3756
63 3757
1020 3780
199 3782
2449 3799
725 3815
372 3819
1699 3829
3317 3839
1144 3841
1105 3842
3027 3845
396 3862
1720 3868
892 3878
372 3902
1470 3903
199 3925
543 3926
2953 3949
2336 3984
1606 3999
1578 4004
817 4015
171 4016
2187 4026
438 4029
1699 4034
166 4037
2661 4046
1905 4050
3608 4073
2864 4075
199 4091
3021 4100
1723 4101
2118 4108
2640 4116
2036 4132
6 4133
2610 4140
3942 4141
4039 4152
679 4153
2153 4157
2708 4158
1720 4161
3406 4183
1670 4185
4129 4191
2452 4196
725 4237
478 4238
4129 4248
3420 4250
18 4255
3619 4260
2447 4270
290 4273
939 4284
848 4293
1560 4310
2025 4319
526 4345
3637 4349
478 4357
143 4362
1740 4367
608 4372
898 4373
624 4380
52 4381
478 4388
98 4393
1560 4406
3395 4413
729 4415
633 4435
263 4444
803 4448
1463 4450
4308 4459
199 4460
1259 4465
449 4466
2857 4477
4355 4480
3734 4483
2468 4502
1560 4504
130 4506
2708 4513
215 4522
778 4524
663 4529
2273 4534
478 4544
3264 4547
1129 4549
1020 4553
1312 4604
1598 4617
80 4637
686 4649
972 4654
4351 4667
2614 4690
2087 4711
1889 4718
1168 4729
104 4740
1699 4741
3223 4744
194 4751
2962 4771
4348 4773
48 4777
1868 4787
2160 4792
1868 4795
663 4796
1097 4799
3686 4801
3441 4802
416 4803
90 4810
1699 4824
544 4828
2864 4837
2661 4840
679 4841
3044 4847
1723 4861
14 4866
2010 4870
2954 4882
323 4912
3924 4927
2864 4930
2807 4932
1312 4940
4377 4951
2031 4975
416 4995
3859 4997
2857 4999
939 5003
2962 5008
2118 5012
858 5026
1298 5042
417 5051
1398 5052
6 5059
714 5072
290 5085
2807 5098
1077 5102
1254 5103
2640 5104
1733 5149
1254 5155
478 5156
5141 5160
2036 5165
719 5207
2493 5210
2493 5222
360 5227
4655 5230
1470 5231
360 5234
3822 5237
3788 5248
3608 5249
4042 5261
171 5266
2661 5276
1560 5287
2592 5308
438 5311
494 5317
297 5318
1868 5319
130 5322
3223 5325
790 5327
2449 5330
2031 5332
1463 5336
701 5356
2010 5358
80 5363
1254 5365
3128 5374
2065 5375
376 5376
858 5387
2031 5398
3940 5407
2031 5414
98 5436
1129 5448
2059 5459
1312 5461
1598 5473
90 5477
20 5479
2316 5484
3637 5486
2036 5492
63 5506
215 5508
5062 5513
449 5516
817 5527
130 5529
2321 5533
1608 5556
2273 5557
89 5558
1956 5568
726 5581
478 5607
526 5610
1259 5615
2010 5628
166 5640
2031 5642
4098 5643
1549 5645
1769 5665
4126 5679
719 5681
1823 5687
4875 5690
663 5693
618 5695
1097 5715
2891 5721
3904 5724
14 5741
1153 5745
898 5752
2081 5755
402 5764
1578 5765
1965 5769
848 5775
526 5780
2118 5786
2661 5792
3422 5795
2031 5809
2592 5819
1228 5827
4136 5828
73 5854
1611 5857
397 5873
2493 5885
1470 5886
606 5890
2485 5891
1608 5895
2118 5897
1723 5905
2087 5917
2960 5922
2059 5939
5739 5940
1105 5960
729 5966
675 5983
1516 5986
73 5987
5863 6005
1611 6013
2320 6015
1365 6032
964 6037
1850 6039
1734 6042
1733 6046
2027 6053
6 6064
686 6075
604 6083
3710 6087
2081 6095
3317 6100
96 6103
1868 6110
2330 6114
4098 6126
6109 6139
719 6140
290 6145
3021 6150
679 6151
18 6161
2640 6170
185 6178
2160 6200
6 6202
335 6215
2981 6217
1823 6232
1849 6236
88 6268
1237 6276
6025 6278
212 6290
5974 6305
1724 6307
663 6309
2640 6310
5359 6315
4491 6319
1560 6320
3044 6325
429 6326
1734 6345
5198 6352
438 6366
215 6369
3742 6388
2355 6392
3044 6402
547 6410
5035 6420
5422 6427
3406 6449
3742 6460
88 6479
2081 6481
14 6491
80 6496
2592 6507
2347 6525
6147 6528
778 6535
5460 6549
3908 6552
1606 6554
449 6558
2702 6562
5015 6574
449 6575
5840 6576
2747 6578
20 6581
327 6596
1939 6606
608 6614
212 6621
6109 6623
6594 6633
18 6640
2465 6641
192 6648
2231 6656
1910 6660
5963 6670
438 6671
4785 6676
5739 6681
2460 6688
2933 6690
1347 6696
5589 6703
2807 6711
1868 6730
6570 6744
2500 6747
375 6749
4351 6759
1549 6765
6510 6767
5381 6769
1720 6774
2592 6775
499 6779
949 6780
3711 6803
6 6807
6109 6826
1740 6827
1699 6829
1734 6846
247 6849
2118 6852
1590 6865
438 6870
1720 6884
2205 6900
3273 6904
218 6906
2759 6920
2695 6929
2685 6935
14 6938
5650 6940
604 6962
1157 6968
6594 6972
726 6978
494 6983
2621 6998
6956 7001
6159 7003
4336 7029
1555 7031
6109 7032
215 7038
892 7063
1723 7084
325 7095
725 7096
215 7104
6241 7108
3189 7110
1423 7132
416 7133
1823 7137
1606 7139
2610 7147
921 7158
2468 7163
294 7174
1036 7191
2449 7200
360 7221
1558 7224
2378 7237
212 7245
279 7248
5992 7255
1312 7257
719 7272
1015 7281
1036 7293
2160 7294
6394 7298
2685 7306
1727 7313
6798 7314
618 7324
5035 7341
2891 7344
679 7351
482 7359
1097 7365
3328 7378
740 7382
6109 7383
954 7389
1939 7393
544 7398
7065 7425
675 7433
2087 7434
4195 7451
3021 7463
1538 7469
1699 7502
4098 7507
954 7508
2256 7509
1538 7521
1740 7537
1606 7543
2160 7550
293 7558
4165 7561
4102 7563
5333 7566
335 7570
3477 7574
2347 7576
1549 7581
89 7588
5589 7592
1549 7615
2677 7621
729 7626
2087 7632
7346 7637
1905 7639
817 7651
972 7656
6594 7680
1489 7686
1740 7688
3904 7695
2449 7702
1606 7712
775 7718
417 7722
4475 7725
18 7769
4098 7784
2493 7788
2468 7817
7633 7826
4021 7832
3901 7835
327 7846
2610 7881
1254 7890
775 7892
1570 7924
3135 7935
89 7936
90 7941
2321 7943
1558 7951
1347 7965
1823 7984
2468 7991
1722 7993
90 8010
4169 8013
1852 8015
5244 8020
2493 8026
2036 8029
397 8030
1036 8035
725 8058
1257 8062
691 8065
6341 8073
2671 8075
2549 8076
4195 8083
3004 8090
6353 8091
1105 8093
4324 8102
4422 8110
2857 8112
4875 8114
5204 8116
2118 8118
2357 8127
130 8135
1734 8143
5130 8150
2782 8154
7182 8161
1720 8166
38 8175
2610 8182
192 8193
2610 8203
194 8215
20 8228
3273 8229
2316 8230
5774 8232
520 8242
7914 8246
5547 8247
939 8257
1606 8267
1720 8269
396 8290
1723 8291
1678 8292
1868 8299
6208 8306
5141 8307
130 8310
297 8314
2164 8322
1598 8329
96 8334
2059 8336
5223 8350
2355 8351
3477 8352
5121 8359
335 8361
4481 8366
725 8384
88 8386
2010 8392
2059 8395
4098 8404
215 8410
663 8418
130 8425
3328 8429
2273 8439
6025 8443
3223 8445
3223 8447
4294 8453
1365 8457
4784 8458
90 8463
2640 8467
3808 8469
4944 8479
3605 8492
14 8496
2059 8502
2996 8503
1312 8504
1254 8520
1590 8522
5942 8535
5548 8538
5163 8547
2695 8556
2205 8565
608 8569
1852 8576
177 8579
7494 8580
1489 8583
5739 8589
2592 8599
2981 8608
2857 8617
192 8621
4385 8628
1334 8634
3742 8640
535 8642
666 8659
1257 8662
5892 8666
1157 8690
1346 8699
2708 8712
3110 8717
166 8722
2485 8731
499 8735
714 8737
1124 8740
2864 8741
7186 8748
6265 8757
6398 8780
4971 8784
892 8790
5345 8798
417 8804
2747 8806
1880 8807
3110 8818
499 8824
604 8832
3500 8842
2231 8843
6868 8844
1720 8846
1069 8860
2661 8862
2160 8877
2087 8890
2493 8893
1347 8895
360 8910
1608 8924
2316 8929
6000 8933
520 8944
335 8953
6109 8967
2485 8973
6530 8975
8130 8981
520 8988
7522 8996
6025 8997
6334 9006
4195 9010
5035 9028
4655 9037
7636 9047
1905 9070
2352 9075
2081 9076
3940 9077
18 9078
177 9079
1790 9088
2537 9091
138 9096
192 9099
6570 9107
73 9134
2205 9150
1889 9169
803 9178
1823 9202
3223 9204
397 9207
3021 9219
73 9221
6025 9229
166 9241
7441 9242
2672 9252
5095 9257
778 9259
166 9263
3875 9267
1298 9301
2592 9303
2807 9310
397 9328
2640 9333
20 9334
2059 9335
5204 9345
5713 9353
3589 9360
663 9372
323 9384
6000 9420
2010 9421
1823 9438
3477 9439
4195 9446
438 9447
5547 9452
1549 9453
73 9457
6123 9460
2294 9465
5915 9469
679 9470
726 9473
2316 9484
6248 9500
2610 9505
604 9511
6484 9512
1069 9537
7167 9549
2857 9550
2495 9553
215 9564
2465 9581
6 9588
3328 9595
175 9600
6979 9606
3273 9620
1097 9629
1608 9633
416 9637
2447 9640
6955 9641
3900 9653
206 9660
18 9673
2378 9679
3904 9683
3609 9686
8713 9689
218 9706
2118 9712
1307 9723
2712 9729
2398 9755
570 9756
6288 9761
5035 9765
1538 9771
1254 9774
1039 9780
1069 9785
7403 9794
417 9795
1850 9797
2302 9807
8407 9810
5548 9811
2782 9819
836 9821
6474 9825
570 9828
73 9835
90 9852
3264 9853
3828 9859
9435 9866
1072 9878
3742 9880
499 9889
499 9898
675 9925
1868 9941
3369 9948
6288 9961
9435 9970
297 9971
2493 9978
