4 24 83 85 226 247
2 48 75 123
14 17 129 145 149 191 193 210 216 252 255
25 111 130 211 222 239 243 249 265
11 90 119 179
27 141 175 228 237
30 73 88 148 167 192 198 235 280
50 57 100 128 170 182 204 259
32 158
189 267 275
5 151 173 279
94 115 245 281
13 138 172
39 273
0 16
66 254
35 55 116 197
44 159 177
58 87 194
146 164
133 225 283
134 263
155 180 278
49 78 209 213
40 120
59 143 288
109 242 268
112 230
70 76 188
33 65 220
7 9 29
95 97
103 165
142 154 286
79 121
86 169
190 272
98 127
215 264
196 269
51 147
21 277
110 162
108 183
36 224
