2 48
130 243
11 179
90 179
27 141
111 211
211 243
222 243
2 75
141 175
50 100
189 267
151 173
50 182
13 172
243 265
100 204
239 243
2 123
0 16
111 222
66 254
13 138
130 211
55 116
27 228
44 159
87 194
243 249
249 265
27 237
210 255
44 177
146 164
11 119
225 283
73 167
5 151
5 279
167 198
222 265
24 85
211 265
130 222
27 175
57 100
211 222
193 216
182 259
57 182
182 204
17 210
211 249
40 120
239 265
222 249
143 288
35 197
50 170
267 275
111 265
239 249
76 188
33 65
133 225
7 9
173 279
189 275
35 55
58 87
90 119
170 182
130 265
216 252
88 167
154 286
57 170
226 247
4 24
130 249
50 259
79 121
50 204
193 252
155 180
228 237
75 123
17 255
211 239
222 239
98 127
116 197
175 228
159 177
215 264
170 259
170 204
73 198
100 182
5 173
25 222
58 194
35 116
142 154
141 228
88 192
141 237
119 179
57 259
57 204
109 242
7 29
55 197
70 76
4 85
204 259
9 29
48 75
11 90
50 57
100 259
70 188
130 239
21 277
142 286
133 283
48 123
100 170
59 288
25 265
175 237
151 279
111 243
138 172
73 88
108 183
25 130
88 198
36 224
